16.397 -26.62
29.699 -28.131
20.273 23.805
25.491 7.712
28.383 5.634
33.875 31.814
28.444 25.964
13.247 24.668
-11.588 -28.315
-14.123 6.589
13.837 18.889
-12.701 2.547
32.276 24.645
-5.495 -2.675
-9.152 -25.593
-20.915 33.839
33.746 13.615
1.42 -2.089
15.072 26.071
22.436 2.429
10.629 -19.852
-7.012 5.129
30.178 21.607
3.277 18.194
-3.196 28.971
25.21 -11.665
31.623 -5.203
29.797 15.111
33.071 28.818
-18.923 33.334
-14.733 3.479
-28.123 18.462
0.713 21.292
14.5 1.006
-13.506 -18.045
-32.634 -1.25
19.765 21.622
-21.112 -3.593
-8.047 19.961
-6.025 -18.399
26.962 6.557
23.296 -2.209
19.738 26.528
11.48 6.247
24.06 -13.298
5.095 33.319
24.3 33.377
-32.337 -3.345
-6.197 25.983
-17.942 -16.323