-9.275 21.396
-4.219 -10.425
7.411 -24.918
7.394 -14.597
3.892 -8.53
5.242 -8.725
22.689 19.413
-23.744 19.993
-1.66 -19.619
-10.93 20.839
-23.222 -7.612
29.385 5.544
-13.415 20.459
-20.419 -15.626
2.639 -31.241
-11.677 31.628
7.786 -14.826
4.599 27.111
30.164 -1.198
-3.136 -24.278
-34.099 -27.161
1.19 3.772
14.236 14.794
24.577 -5.178
9.498 28.215
34.206 8.453
-25.412 -16.163
-30.947 -0.399
-13.536 -33.886
10.996 31.959
-26.344 5.427
-23.656 -30.801
11.553 -23.732
-18.914 23.572
27.683 16.408
1.568 -22.162
8.265 16.212
23.513 -8.456
-1.684 -11.076
32.454 23.328
33.994 2.683
-22.928 -4.775
22.666 9.991
-20.183 -34.089
-31.356 -16.544
3.235 34.358
16.726 6.828
-34.941 29.298
10.637 -15.467
-15.048 24.693
-21.209 3.667
30.954 3.921
27.773 -1.645
-23.095 -4.666
11.679 -4.788
-26.516 -11.347
9.902 -34.555
6.983 -21.712
1.832 8.396
-19.755 -11.907
34.839 -8.514
3.074 -27.001
11.981 2.03
26.835 13.875
-15.384 -14.108
29.311 -33.166
-1.566 7.513
-1.993 -7.115
22.865 12.583
-29.695 -7.408
-1.29 0.784
1.892 14.556
28.832 10.709
-23.011 33.802
-17.128 -13.659
0.363 23.317
-3.785 26.478
-34.126 -28.506
-4.839 5.2
-8.884 -15.447
-8.305 12.31
16.751 4.15
-7.016 11.133
-6.412 -13.975
-15.879 32.986
-26.334 -15.841
-25.429 11.702
2.296 4.22
33.839 -20.972
11.446 5.607
-5.722 6.261
28.38 20.122
-26.453 -2.812
10.756 -6.58
20.079 -32.51
17.717 -5.007
22.156 22.385
9.454 7.723
16.659 -16.447
-14.772 -9.532
