76.25 -33.975
-68.892 8.124
-15.042 97.57
-79.746 91.555
-61.565 -21.098
34.216 33.949
76.425 52.111
60.386 47.801
-44.814 -64.984
26.196 98.547
-47.793 95.771
80.44 33.178
22.666 -35.017
33.373 -60.758
-82.133 86.888
-32.488 -76.129
-4.21 -54.534
41.242 -11.809
-6.506 -60.818
32.79 -6.306
68.203 57.822
-74.564 -87.505
-24.798 21.827
-54.734 73.852
38.297 60.475
-26.291 66.475
-55.996 -57.464
70.544 11.895
-32.275 32.209
-86.464 -97.471
-3.0 97.253
-89.427 -34.089
-10.447 1.758
52.899 15.787
-21.617 94.781
-66.388 -19.378
86.326 -16.766
63.572 -63.25
-71.844 -29.583
-77.685 -44.154
-30.0 99.499
-25.394 10.49
-35.827 59.095
-78.816 72.635
23.867 -96.577
-2.153 66.276
72.448 33.53
-36.822 -81.272
-55.333 49.413
38.591 53.91
-10.593 -21.57
-11.917 93.187
57.311 31.423
67.115 -73.686
-6.447 30.142
10.049 -52.412
8.636 35.196
-22.008 15.46
-33.751 40.785
49.875 -24.025
78.976 -2.909
7.83 -19.541
-63.275 -59.136
-17.675 -75.216
8.074 5.077
-11.21 -97.313
82.055 -20.261
26.182 99.541
-41.13 -29.405
40.654 79.825
-81.948 47.664
65.759 53.063
44.1 17.88
-95.783 79.172
-28.192 -14.594
50.122 -23.614
-41.781 42.862
-63.536 79.522
23.297 -86.474
-57.219 -44.357
21.389 12.593
-67.034 57.939
99.275 17.401
36.984 8.572
-18.81 -80.306
-10.499 -16.288
-23.402 58.107
69.194 -73.364
29.79 -70.492
8.308 47.418
-68.199 -2.174
90.28 90.957
-17.394 -53.872
-28.015 -37.657
-14.833 -36.868
14.772 89.649
87.305 92.966
-40.091 63.0
-84.082 15.381
59.796 18.395
-16.853 -35.398
68.776 55.698
9.193 79.358
-54.691 42.457
47.051 -82.133
-87.775 91.819
0.437 62.884
-71.173 -39.126
23.845 -43.405
-26.456 -79.521
-26.973 30.072
32.691 50.577
-22.143 52.486
-28.136 3.059
96.138 -77.187
15.866 65.572
-22.39 48.221
-45.989 52.94
-39.546 86.025
-45.216 -95.152
-28.919 -37.698
0.326 98.325
-51.86 88.15
-21.576 -43.688
50.343 -13.02
-74.759 -8.413
-15.249 78.974
13.003 -22.769
2.857 -73.189
-88.053 -95.99
27.187 4.352
92.25 -31.357
21.384 -81.978
-6.927 91.179
-15.723 52.005
-16.571 49.153
-74.68 80.101
30.909 -1.322
79.672 85.092
91.221 -33.471
43.702 -35.889
-30.446 85.933
-25.548 -89.877
-16.408 -80.78
-67.666 -21.895
9.371 -6.533
60.94 -33.439
-30.148 36.832
-43.413 92.859
22.126 46.765
94.657 38.489
83.765 -55.478
52.819 -40.46
58.664 -95.028
8.853 73.713
-37.022 -47.709
-5.331 -84.134
43.094 72.021
59.916 94.458
34.961 30.688
28.285 80.188
-66.37 28.844
-47.706 4.066
70.665 42.835
-90.152 -5.334
-61.508 -1.381
-4.839 80.612
80.885 84.781
-52.667 69.325
61.217 90.235
64.215 83.973
42.216 45.236
31.584 -3.375
60.057 -15.413
70.139 63.197
30.38 -21.236
76.588 -91.65
23.703 82.699
-45.716 60.635
-38.262 -98.333
63.129 95.564
-86.096 28.936
-18.917 60.989
1.462 68.606
-41.852 29.376
-18.909 11.965
96.51 71.177
-81.171 86.706
-2.704 -27.194
-65.962 -87.05
-13.394 37.112
30.51 82.826
95.384 -10.084
-59.452 -33.081
-24.926 80.197
27.792 -16.494
30.603 -37.153
1.491 34.168
-63.723 -99.867
75.778 -78.821
8.722 33.473
-49.104 47.944
2.264 -85.798
27.297 -45.686
34.847 63.402
-43.335 -77.788
-83.274 94.486
-45.535 11.134
-32.63 58.06
16.421 81.25
96.172 -14.42
45.224 11.154
-31.071 -61.155
-75.166 -37.473
5.614 25.641
94.248 -66.249
-14.471 52.276
-5.426 -51.431
-47.018 -10.214
-13.022 48.01
9.43 2.831
-27.317 16.645
24.07 -95.866
39.448 40.041
-26.744 61.345
62.958 -50.263
20.058 -53.743
13.108 -86.633
-99.65 52.164
51.45 56.477
80.189 15.047
24.918 65.46
95.909 -7.512
52.313 3.257
12.674 65.778
15.907 -33.975
25.591 -70.242
-0.156 -71.956
-95.544 99.547
32.061 -29.113
28.135 -56.121
33.007 5.075
92.686 93.91
-29.818 -38.942
-48.643 -48.44
-22.515 -2.763
-35.027 -72.314
15.735 -62.38
-52.736 6.835
-66.228 62.581
